#         t          x          y          z         vx         vy         vz
      0.000    -98.600   -119.990   -127.780    -28.430    173.920     93.230
      0.100   -101.043   -102.253   -118.026    -20.432    180.826    101.857
      0.200   -102.590    -83.821   -107.354    -10.515    187.804    111.569
      0.300   -103.019    -64.702    -95.649      1.940    194.584    122.532
      0.400   -102.033    -44.940    -82.779     17.781    200.643    134.881
      0.500    -99.237    -24.659    -68.604     38.132    204.990    148.609
      0.600    -94.114     -4.120    -53.009     64.330    205.796    163.306
      0.700    -86.026     16.166    -35.964     97.436    199.913    177.593
      0.800    -74.320     35.302    -17.671    136.689    182.814    188.253
      0.900    -58.647     51.982      1.246    176.763    150.784    190.089
      1.000    -39.442     64.850     19.655    207.337    106.568    178.098
      1.100    -18.006     73.177     36.352    221.384     59.977    155.840
      1.200      4.090     77.138     50.616    220.536     19.245    129.435
      1.300     25.624     77.452     62.258    210.135    -12.964    103.402
      1.400     45.863     74.937     71.411    194.662    -37.343     79.670
      1.500     64.438     70.296     78.328    176.829    -55.475     58.663
      1.600     81.184     64.081     83.272    158.082    -68.830     40.213
      1.700     96.045     56.712     86.481    139.141    -78.538     23.980
      1.800    109.019     48.514     88.162    120.343    -85.415      9.624
      1.900    120.127     39.742     88.485    101.828    -90.043     -3.152
      2.000    129.400     30.598     87.598     83.631    -92.831    -14.590
      2.100    136.869     21.253     85.625     65.740    -94.070    -24.880
      2.200    142.562     11.851     82.672     48.116    -93.967    -34.176
      2.300    146.503      2.519     78.833     30.701    -92.668    -42.600
      2.400    148.709     -6.628     74.190     13.427    -90.275    -50.254
      2.500    149.191    -15.484     68.816     -3.793    -86.850    -57.224
      2.600    147.947    -23.947     62.776    -21.074    -82.414    -63.584
      2.700    144.966    -31.915     56.127    -38.560    -76.939    -69.391
      2.800    140.216    -39.278     48.924    -56.432    -70.329    -74.683
      2.900    133.649    -45.915     41.216    -74.908    -62.404    -79.461
      3.000    125.191    -51.679     33.059    -94.255    -52.869    -83.679
      3.100    114.739    -56.385     24.515   -114.786    -41.259    -87.209
      3.200    102.156    -59.790     15.665   -136.876    -26.847    -89.790
      3.300     87.265    -61.556      6.630   -160.945     -8.471    -90.912
      3.400     69.848    -61.189     -2.392   -187.385     15.822    -89.530
      3.500     49.678    -57.930    -11.003   -216.022     49.352    -82.683
      3.600     26.658    -50.563    -18.417   -244.377     97.993    -65.613
      3.700      1.449    -37.170    -22.998   -259.794    169.855    -26.000
      3.800    -22.398    -16.157    -21.747   -217.160    250.407     51.019
      3.900    -38.578      9.100    -13.509   -106.427    254.739    113.750
      4.000    -44.904     32.111     -1.470    -20.101    205.488    127.026
      4.100    -44.261     49.905     10.694     32.955    150.391    116.246
      4.200    -39.324     62.388     21.422     65.793     99.266     98.318
      4.300    -31.723     69.964     30.191     86.222     52.244     77.075
      4.400    -22.515     72.991     36.726     97.949      8.301     53.624
      4.500    -12.477     71.728     40.817    102.807    -33.561     28.188
      4.600     -2.251     66.320     42.245    101.710    -74.606      0.363
      4.700      7.547     56.749     40.694     94.246   -116.802    -31.377
      4.800     16.111     42.777     35.605     77.042   -162.646    -70.398
      4.900     21.918     23.933     25.900     39.103   -214.239   -123.707
      5.000     20.848      0.141      9.404    -60.506   -261.601   -206.207
      5.100      5.051    -19.486    -10.340   -255.436   -130.923   -188.683
      5.200    -18.586    -27.031    -24.617   -217.312    -19.994    -96.849
      5.300    -37.237    -26.468    -31.369   -155.710     31.268    -38.206
      5.400    -49.768    -21.954    -33.085    -94.904     59.012      3.903
      5.500    -56.244    -15.315    -31.043    -34.605     73.760     36.935
      5.600    -56.641     -7.671    -25.998     26.651     79.131     63.969
      5.700    -50.648      0.160    -18.381     93.224     77.493     88.354
      5.800    -37.037      7.263     -8.326    178.980     64.559    112.763
      5.900    -11.621     10.740      3.970    329.352      4.985    133.155
      6.000     20.132      1.514      7.354    305.697   -189.505    -65.476
      6.100     43.853    -15.741     -0.102    168.720   -155.598    -83.659
      6.200     56.824    -29.401     -7.955     90.708   -117.594    -73.385
      6.300     63.123    -39.421    -14.609     35.277    -82.819    -59.701
      6.400     64.430    -46.034    -19.801     -9.148    -49.433    -44.144
      6.500     61.646    -49.300    -23.332    -46.530    -15.883    -26.481
      6.600     55.392    -49.224    -25.033    -78.547     17.394     -7.528
      6.700     45.927    -45.729    -24.762   -110.759     52.513     12.948
      6.800     33.025    -38.311    -22.154   -147.271     95.841     39.218
      6.900     15.995    -25.452    -16.094   -193.339    161.345     81.967
      7.000     -6.856     -0.491     -1.028   -263.665    337.876    219.365
      7.100    -26.829     28.030     17.212   -135.804    232.537    145.434
      7.200    -37.933     48.266     29.828    -86.269    172.189    106.883
      7.300    -45.018     63.336     39.163    -55.446    129.201     79.811
      7.400    -49.421     74.518     46.056    -32.598     94.437     58.050
      7.500    -51.751     82.441     50.913    -14.011     64.033     39.088
      7.600    -52.354     87.438     53.947      1.956     35.897     21.594
      7.700    -51.465     89.666     55.263     15.825      8.678      4.725
      7.800    -49.371     89.244     54.940     26.054    -17.128    -11.174
      7.900    -46.241     86.387     53.115     36.533    -40.019    -25.325
      8.000    -42.006     81.179     49.836     48.184    -64.129    -40.259
      8.100    -36.538     73.413     44.971     61.168    -91.190    -57.036
      8.200    -29.668     62.675     38.263     76.226   -123.575    -77.137
      8.300    -21.109     48.188     29.223     94.952   -166.177   -103.653
      8.400    -10.284     28.196     16.737    121.553   -233.650   -146.072
      8.500      5.080     -6.647     -5.682    185.724   -463.214   -302.314
      8.600     21.312    -48.039    -32.309    138.924   -364.637   -230.213
      8.700     34.300    -82.348    -53.890    120.844   -321.524   -201.420
      8.800     45.863   -113.204    -73.186    110.403   -295.599   -184.489
      8.900     56.551   -141.869    -91.056    103.357   -277.698   -172.919
      9.000     66.628   -168.970   -107.919     98.183   -264.334   -164.334
      9.100     76.245   -194.879   -124.017     94.172   -253.841   -157.621
      9.200     85.501   -219.836   -139.507     90.947   -245.308   -152.176
      9.300     94.463   -244.011   -154.497     88.280   -238.183   -147.639
      9.400    103.178   -267.526   -169.068     86.030   -232.113   -143.778
      9.500    111.685   -290.474   -183.279     84.098   -226.858   -140.439
      9.600    120.010   -312.929   -197.177     82.418   -222.247   -137.512
      9.700    128.178   -334.950   -210.798     80.941   -218.159   -134.916
      9.800    136.207   -356.583   -224.173     79.630   -214.500   -132.593
      9.900    144.111   -377.868   -237.328     78.457   -211.198   -130.498
     10.000    151.904   -398.837   -250.283     77.401   -208.199   -128.594
     10.100    159.596   -419.520   -263.055     76.443   -205.458   -126.854
