#         t          x          y          z         vx         vy         vz
      0.000   -476.220    491.440   -412.410     45.330    101.980    142.020
      0.071   -472.950    498.950   -402.040     48.240    106.430    147.110
      0.143   -469.310    506.750   -391.360     58.540    111.420    150.780
      0.214   -465.070    515.040   -380.300     63.150    116.570    159.980
      0.286   -460.200    523.510   -368.470     71.810    123.800    170.880
      0.357   -454.540    532.590   -355.760     81.390    129.040    183.430
      0.429   -448.100    541.960   -342.360     96.310    133.640    191.170
      0.500   -440.900    551.430   -328.530    108.410    135.030    202.870
      0.571   -432.470    561.120   -313.980    130.050    136.890    210.530
      0.643   -422.380    570.870   -298.350    153.810    133.870    222.670
      0.714   -410.450    580.340   -281.700    177.900    126.650    235.180
      0.786   -396.700    588.860   -264.640    205.430    113.670    242.970
      0.857   -380.910    596.260   -247.170    236.440     93.190    247.580
      0.929   -362.700    601.800   -229.410    263.460     59.800    245.410
      1.000   -343.300    605.110   -212.110    280.170     32.020    237.290
      1.071   -323.070    606.340   -195.610    287.860      1.990    220.240
      1.143   -302.650    605.520   -180.450    286.570    -25.170    203.890
      1.214   -282.300    602.790   -166.470    281.440    -53.330    186.600
      1.286   -262.540    598.360   -153.560    271.240    -68.650    175.540
      1.357   -243.400    592.970   -141.350    262.720    -81.430    164.150
      1.429   -224.840    586.560   -130.160    256.690    -96.410    150.280
      1.500   -206.970    579.300   -119.820    244.560   -107.600    139.310
      1.571   -189.860    571.290   -110.350    237.020   -115.520    129.870
      1.643   -173.300    562.820   -101.420    227.440   -122.790    119.670
      1.714   -157.330    553.800    -93.080    217.690   -131.030    112.430
      1.786   -142.170    544.240    -85.400    207.540   -135.560    104.800
      1.857   -127.680    534.380    -78.190    199.090   -141.780     98.460
      1.929   -113.680    524.060    -71.440    190.690   -147.650     90.260
      2.000   -100.290    513.290    -65.170    182.510   -155.010     84.070
      2.071    -87.640    502.080    -59.300    171.140   -157.580     79.950
      2.143    -75.690    490.790    -53.860    168.150   -157.200     73.460
      2.214    -63.990    479.380    -48.940    156.660   -161.270     68.140
      2.286    -52.980    467.620    -44.130    149.970   -165.400     63.310
      2.357    -42.380    455.610    -39.880    144.110   -170.010     58.470
      2.429    -32.360    443.390    -35.730    134.610   -170.640     56.200
      2.500    -23.060    431.080    -31.830    124.320   -176.330     51.560
      2.571    -14.370    418.420    -28.180    116.460   -179.030     47.270
      2.643     -6.250    405.460    -24.910    111.430   -185.650     44.290
      2.714      1.360    392.090    -22.010    102.790   -186.960     38.350
      2.786      8.540    378.660    -19.490     97.640   -189.990     33.240
      2.857     15.210    364.890    -17.080     88.890   -195.970     29.900
      2.929     21.000    350.720    -15.070     76.870   -200.400     24.600
      3.000     26.230    336.340    -13.360     68.860   -203.270     21.760
      3.071     30.760    321.640    -11.780     58.220   -207.920     18.730
      3.143     34.520    306.550    -10.590     47.630   -213.860     15.540
      3.214     37.490    291.150     -9.830     36.780   -218.240      8.780
      3.286     39.500    275.330     -9.480     20.880   -223.210      3.250
      3.357     40.360    259.280     -9.350      4.840   -228.190     -0.960
      3.429     40.200    242.820     -9.530    -13.280   -231.920     -7.110
      3.500     38.430    226.070    -10.270    -32.210   -238.680    -14.070
      3.571     35.500    208.780    -11.490    -54.350   -244.940    -20.520
      3.643     30.870    191.180    -13.290    -79.970   -246.200    -32.180
      3.714     24.000    173.660    -16.030   -113.680   -243.070    -44.040
      3.786     14.480    156.600    -19.650   -152.040   -232.360    -56.770
      3.857      2.470    140.760    -24.240   -188.060   -210.420    -71.710
      3.929    -12.020    126.700    -29.650   -219.980   -178.970    -81.140
      4.000    -28.670    115.670    -35.700   -246.170   -128.950    -86.150
      4.071    -47.000    108.420    -41.570   -260.070    -70.270    -78.510
      4.143    -65.320    105.740    -46.970   -250.820     -1.980    -66.690
      4.214    -82.230    108.140    -51.000   -219.330     69.450    -47.060
      4.286    -96.030    115.230    -53.700   -166.160    123.710    -29.060
      4.357   -105.590    125.360    -55.000   -104.650    154.610    -10.290
      4.429   -111.040    137.010    -55.050    -46.870    169.030      6.860
      4.500   -112.600    149.110    -54.130      1.300    169.700     16.360
      4.571   -111.120    161.090    -52.680     39.510    165.450     25.650
      4.643   -107.070    172.700    -50.590     71.790    160.420     30.740
      4.714   -100.870    183.860    -48.170    100.630    153.760     39.510
      4.786    -92.710    194.450    -45.020    125.210    145.920     49.600
      4.857    -82.910    204.630    -41.140    148.540    137.670     59.540
      4.929    -71.640    214.180    -36.400    167.300    129.800     71.990
      5.000    -59.150    223.240    -30.840    183.170    123.050     85.700
      5.071    -45.280    231.980    -23.990    206.190    120.580    106.490
      5.143    -29.800    240.370    -15.120    230.530    113.380    144.490
      5.214    -12.440    247.620     -2.600    255.380     86.440    213.280
      5.286      5.410    250.790     15.270    232.290     -6.190    277.150
      5.357     20.030    247.460     34.680    179.660    -81.360    260.140
      5.429     31.440    240.480     51.840    142.090   -112.770    221.150
      5.500     40.690    231.850     66.180    117.750   -131.760    184.200
      5.571     48.170    221.830     78.340     94.270   -142.620    156.860
      5.643     54.410    211.340     88.530     77.580   -149.660    128.590
      5.714     59.450    200.370     96.880     62.900   -157.990    104.510
      5.786     63.250    188.900    103.410     50.510   -162.100     81.850
      5.857     66.390    177.120    108.440     33.820   -167.460     58.110
      5.929     68.370    165.120    111.780     20.190   -167.590     36.600
      6.000     69.910    153.200    113.750      6.920   -168.650     11.760
      6.071     69.700    141.270    113.510     -3.980   -166.230    -11.150
      6.143     69.320    129.650    112.120    -18.620   -160.990    -36.450
      6.214     67.430    118.370    108.390    -31.980   -155.340    -65.910
      6.286     64.390    107.730    102.340    -47.000   -142.260    -98.370
      6.357     60.370     98.090     94.110    -63.950   -125.640   -129.630
      6.429     55.290     89.920     83.650    -76.690   -102.650   -162.530
      6.500     49.380     83.630     70.860    -89.350    -71.800   -197.690
      6.571     42.410     80.140     55.730   -102.210    -25.930   -228.470
      6.643     34.930     80.310     38.350   -107.510     34.590   -254.370
      6.714     27.170     85.650     20.000    -99.800    115.470   -253.700
      6.786     20.860     96.460      2.760    -75.980    186.310   -217.880
      6.857     16.560    111.410    -10.320    -39.600    224.780   -151.780
      6.929     14.970    127.810    -18.930     -8.090    231.350    -89.820
      7.000     15.510    143.840    -23.410     19.790    216.550    -37.550
      7.071     17.630    158.480    -24.630     39.350    195.240      4.140
      7.143     21.050    171.590    -23.330     55.160    172.500     36.180
      7.214     25.360    182.880    -19.830     66.210    145.860     62.140
      7.286     30.430    192.380    -14.360     77.240    119.970     85.980
      7.357     36.370    199.950     -7.560     85.840     91.230    104.280
      7.429     42.800    205.450      0.430     93.250     64.460    121.330
      7.500     49.680    208.970      9.620     99.220     32.720    134.500
      7.571     56.890    210.240     19.550    103.340      2.690    144.640
      7.643     64.200    209.300     30.210    103.230    -29.880    153.580
      7.714     71.030    205.770     40.730    102.650    -64.620    161.600
      7.786     78.940    200.180     53.240    104.930   -101.470    162.890
      7.857     86.340    191.610     64.760    102.300   -140.140    161.730
      7.929     93.550    179.900     76.170     96.010   -186.160    156.810
      8.000    100.290    165.030     86.990     89.770   -231.280    142.980
      8.071    106.060    146.560     96.360     72.850   -283.650    115.420
      8.143    110.330    124.720    103.050     45.610   -328.100     67.990
      8.214    112.340    100.310    105.390     10.080   -353.010     -5.300
      8.286    111.430     75.550    101.950    -36.090   -327.950    -88.920
      8.357    107.510     54.260     93.210    -72.350   -263.540   -149.310
      8.429    101.760     38.180     81.370    -84.440   -187.380   -178.410
      8.500     95.590     27.460     68.360    -86.700   -115.440   -181.270
      8.571     89.570     21.630     55.630    -80.690    -51.920   -172.460
      8.643     84.050     19.650     43.920    -74.490     -4.730   -153.270
      8.714     79.240     20.880     33.960    -57.380     37.470   -126.280
      8.786     75.720     24.800     26.080    -40.820     70.340    -96.870
      8.857     73.570     30.730     20.220    -23.130     95.220    -65.140
      8.929     72.740     38.310     16.780     -1.150    116.070    -29.990
      9.000     73.160     47.180     15.740     16.790    131.780      3.570
      9.071     75.060     56.910     17.250     37.540    140.550     40.920
      9.143     78.640     67.160     21.710     61.270    143.810     83.830
      9.214     83.790     77.370     29.290     85.330    140.510    127.820
      9.286     91.020     87.010     40.110    116.260    128.080    175.520
      9.357    100.630     95.160     54.610    149.480     97.490    229.620
      9.429    112.580    100.190     72.900    179.850     37.890    281.270
      9.500    126.620     99.870     94.140    208.750    -55.670    310.120
      9.571    141.730     91.600    115.820    204.910   -173.220    287.170
      9.643    155.300     76.150    133.660    166.220   -245.890    206.270
      9.714    165.470     57.850    145.470    119.550   -259.320    125.370
      9.786    172.260     39.850    151.940     75.860   -242.260     59.910
      9.857    176.610     23.660    154.520     44.240   -211.870     11.670
      9.929    178.640      9.710    153.950     14.100   -178.990    -25.460
     10.000    178.940     -1.640    150.940     -7.690   -141.010    -58.200
     10.071    177.690    -10.160    145.800    -30.150    -99.490    -84.800
     10.143    174.830    -15.620    139.160    -47.330    -54.090   -103.650
     10.214    170.890    -17.680    131.190    -62.370     -1.900   -119.520
     10.286    165.920    -15.940    122.440    -74.710     53.800   -123.990
     10.357    160.120     -9.750    113.530    -85.400    119.270   -124.260
     10.429    154.060      1.460    105.240    -83.160    195.100   -103.630
     10.500    148.740     18.240     99.580    -60.350    274.350    -50.730
     10.571    146.410     39.950     99.100     -1.810    317.700     42.990
     10.643    148.840     61.510    105.750     67.460    274.290    135.340
     10.714    155.410     78.260    117.270    112.270    192.660    180.020
     10.786    164.460     89.040    130.710    135.370    108.490    192.790
     10.857    174.380     94.240    144.300    141.750     36.830    186.160
     10.929    184.520     94.740    157.020    137.510    -22.460    169.990
     11.000    194.200     91.020    168.360    131.820    -78.580    144.640
     11.071    203.000     83.670    177.590    117.560   -124.560    113.740
     11.143    210.650     73.190    184.370     96.540   -166.380     78.060
     11.214    216.410     60.110    188.290     66.270   -198.590     34.010
     11.286    219.900     45.100    189.000     31.220   -222.500    -14.520
     11.357    220.680     28.660    185.630    -12.080   -234.280    -77.900
     11.429    217.790     12.250    177.600    -69.440   -219.000   -146.540
